% Materia: Metodos Numericos
% Trabajo Practico Integrador 2016
% Alumnas: Josefina Peloso, Marlene Poet y Macarena Valls
% Ejercicio 4c


D=[6.54940	6.55007	6.55074	6.55140	6.55207	6.55274	6.55348	6.55549	6.55749	6.55950	6.56151	6.56351	6.56566	6.56890	6.57215	6.57539	6.57863	6.58188	6.58530	6.58953	6.59378	6.59801	6.60225	6.60649	6.61088	6.61578	6.62069	6.62560	6.63050	6.63540	6.64041	6.64565	6.65088	6.65612	6.66136	6.66660	6.67186	6.67717	6.68247	6.68778	6.69308	6.69839	6.70366	6.70887	6.71408	6.71929	6.72451	6.72972	6.73482	6.73980	6.74477	6.74974	6.75472	6.75969	6.76448	6.76909	6.77370	6.77832	6.78293	6.78754	6.79187	6.79600	6.80013	6.80426	6.80839	6.81252	6.81628	6.81984	6.82340	6.82695	6.83052	6.83407	6.83724	6.84024	6.84323	6.84623	6.84923	6.85223	6.85484	6.85733	6.85982	6.86232	6.86481	6.86730	6.86945	6.87152	6.87359	6.87566	6.87773	6.87980	6.88159	6.88333	6.88507	6.88682	6.88857	6.89031	6.89183	6.89333	6.89483	6.89634	6.89783	6.89934	6.90058	6.90182	6.90306	6.90430	6.90553	6.90675	6.90769	6.90863	6.90957	6.91050	6.91144	6.91235	6.91293	6.91351	6.91409	6.91467	6.91524	6.91575	6.91590	6.91605	6.91620	6.91635	6.91650	6.91653	6.91617	6.91581	6.91545	6.91509	6.91473	6.91424	6.91340	6.91256	6.91172	6.91088	6.91004	6.90905	6.90778	6.90651	6.90525	6.90398	6.90271	6.90133	6.89975	6.89818	6.89661	6.89504	6.89347	6.89183	6.89010	6.88837	6.88664	6.88491	6.88318	6.88145	6.87972	6.87799	6.87626	6.87453	6.87280	6.87113	6.86950	6.86787	6.86624	6.86461	6.86297	6.86144	6.85998	6.85852	6.85705	6.85559	6.85413	6.85277	6.85147	6.85016	6.84886	6.84755	6.84625	6.84503	6.84386	6.84267	6.84149	6.84031	6.83913	6.83801	6.83690	6.83579	6.83468	6.83357	6.83246	6.83138	6.83030	6.82921	6.82814	6.82705	6.82597	6.82487	6.82377	6.82266	6.82156	6.82046	6.81936	6.81824	6.81712	6.81600	6.81488	6.81376	6.81263	6.81152	6.81040	6.80928	6.80816	6.80704	6.80593	6.80484	6.80374	6.80265	6.80156	6.80046	6.79938	6.79834	6.79731	6.79627	6.79523	6.79419	6.79318	6.79223	6.79127	6.79033	6.78938	6.78842	6.78750	6.78663	6.78576	6.78490	6.78403	6.78316	6.78231	6.78152	6.78073	6.77994	6.77914	6.77835	6.77759	6.77688	6.77617	6.77546	6.77475	6.77404	6.77335	6.77270	6.77205	6.77140	6.77075	6.77010	6.76947	6.76886	6.76826	6.76765	6.76704	6.76644	6.76585	6.76528	6.76472	6.76414	6.76357	6.76301	6.76245	6.76191	6.76136	6.76082	6.76027	6.75972	6.75916	6.75860	6.75803	6.75746	6.75689	6.75632	6.75572	6.75511	6.75450	6.75389	6.75328	6.75268	6.75202	6.75136	6.75069	6.75004	6.74937	6.74871	6.74799	6.74726	6.74654	6.74582	6.74509	6.74437	6.74359	6.74281	6.74202	6.74124	6.74045	6.73967	6.73885	6.73802	6.73721	6.73639	6.73556	6.73474	6.73387	6.73300	6.73213	6.73126	6.73039	6.72952	6.72858	6.72765	6.72671	6.72578	6.72485	6.72391	6.72289	6.72188	6.72086	6.71985	6.71884	6.71781	6.71670	6.71560	6.71449	6.71338	6.71228	6.71115	6.70995	6.70876	6.70756	6.70636	6.70516	6.70395	6.70270	6.70145	6.70020	6.69894	6.69770	6.69644	6.69518	6.69392	6.69266	6.69141	6.69015	6.68890	6.68767	6.68643	6.68519	6.68395	6.68272	6.68150	6.68030	6.67911	6.67791	6.67671	6.67551	6.67434	6.67318	6.67203	6.67087	6.66972	6.66856	6.66742	6.66627	6.66513	6.66398	6.66283	6.66168	6.66052	6.65934	6.65818	6.65700	6.65583	6.65465	6.65346	6.65224	6.65103	6.64982	6.64860	6.64739	6.64614	6.64488	6.64362	6.64236	6.64110	6.63984	6.63857	6.63729	6.63602	6.63475	6.63347	6.63220	6.63097	6.62974	6.62852	6.62729	6.62607	6.62484	6.62374	6.62263	6.62152	6.62042	6.61932	6.61822	6.61729	6.61636	6.61544	6.61452	6.61359	6.61268	6.61197	6.61127	6.61056	6.60985	6.60915	6.60847	6.60797	6.60747	6.60697	6.60647	6.60598	6.60551	6.60515	6.60479	6.60444	6.60408	6.60372	6.60338	6.60308	6.60278	6.60248	6.60218	6.60188	6.60157	6.60124	6.60091	6.60057	6.60024	6.59990	6.59952	6.59906	6.59861	6.59814	6.59768	6.59723	6.59669	6.59605	6.59541	6.59477	6.59413	6.59349	6.59274	6.59188	6.59102	6.59016	6.58929	6.58843	6.58686	6.58466	6.58247	6.58028	6.57809	6.57589	6.57506	6.57516	6.57526	6.57536	6.57546	6.57556	6.57469	6.57331	6.57191	6.57052	6.56914	6.56774	6.56632	6.56489	6.56347	6.56204	6.56060	6.55917	6.55318];
